image_00000 324 219 347 244
image_00001 327 221 348 244
image_00002 326 219 349 245
image_00003 327 220 349 247
image_00004 325 218 349 245
image_00005 326 217 349 246
image_00006 325 218 349 246
image_00007 325 217 349 246
image_00008 326 216 349 245
image_00009 325 215 349 247
image_00010 324 216 349 249
image_00011 323 216 349 248
image_00012 323 215 350 249
image_00013 321 197 351 250
image_00014 323 198 354 249
image_00015 323 198 355 249
image_00016 323 200 359 250
image_00017 320 200 366 250
image_00018 321 202 364 250
image_00019 322 205 366 251
image_00020 319 203 368 250
image_00021 319 203 368 251
image_00022 319 204 368 252
image_00023 318 204 369 252
image_00024 318 204 369 252
image_00025 319 206 370 252
image_00026 318 204 370 252
image_00027 318 205 370 252
image_00028 316 204 369 251
image_00029 316 205 368 253
image_00030 338 205 370 253
image_00031 337 205 370 253
image_00032 336 203 371 254
image_00033 341 204 369 254
image_00034 340 203 371 254
image_00035 342 202 370 256
image_00036 343 196 381 256
image_00037 342 195 380 257
image_00038 342 200 380 256
image_00039 343 197 379 255
image_00040 341 201 379 256
image_00041 341 200 378 257
image_00042 341 199 380 257
image_00043 336 199 379 257
image_00044 335 199 380 257
image_00045 338 203 379 254
image_00046 343 200 378 255
image_00047 349 199 381 228
image_00048 351 200 381 228
image_00049 352 201 380 226
image_00050 352 201 378 224
image_00051 354 201 378 223
image_00052 355 200 379 222
image_00053 358 201 379 222
image_00054 357 201 379 221
image_00055 359 201 379 221
image_00056 358 202 380 221
image_00057 362 202 376 217
image_00058 361 200 376 218
image_00059 362 201 376 217
image_00060 362 200 375 216
image_00061 362 201 376 216
image_00062 362 200 376 217
image_00063 361 200 373 215
